Z= 2.32712 + 0.644574i

Z= -2.32712 + -0.644574i

